# qx qy qz distance label
  0.00000000   0.00000000   0.00000000   0.00000000 Γ
  0.00531910   0.00000000   0.00531910   0.00195880 
  0.01063830   0.00000000   0.01063830   0.00391760 
  0.01595740   0.00000000   0.01595740   0.00587640 
  0.02127660   0.00000000   0.02127660   0.00783520 
  0.02659570   0.00000000   0.02659570   0.00979400 
  0.03191490   0.00000000   0.03191490   0.01175290 
  0.03723400   0.00000000   0.03723400   0.01371170 
  0.04255320   0.00000000   0.04255320   0.01567050 
  0.04787230   0.00000000   0.04787230   0.01762930 
  0.05319150   0.00000000   0.05319150   0.01958810 
  0.05851060   0.00000000   0.05851060   0.02154690 
  0.06382980   0.00000000   0.06382980   0.02350570 
  0.06914890   0.00000000   0.06914890   0.02546450 
  0.07446810   0.00000000   0.07446810   0.02742330 
  0.07978720   0.00000000   0.07978720   0.02938210 
  0.08510640   0.00000000   0.08510640   0.03134100 
  0.09042550   0.00000000   0.09042550   0.03329980 
  0.09574470   0.00000000   0.09574470   0.03525860 
  0.10106380   0.00000000   0.10106380   0.03721740 
  0.10638300   0.00000000   0.10638300   0.03917620 
  0.11170210   0.00000000   0.11170210   0.04113500 
  0.11702130   0.00000000   0.11702130   0.04309380 
  0.12234040   0.00000000   0.12234040   0.04505260 
  0.12765960   0.00000000   0.12765960   0.04701150 
  0.13297870   0.00000000   0.13297870   0.04897020 
  0.13829790   0.00000000   0.13829790   0.05092910 
  0.14361700   0.00000000   0.14361700   0.05288790 
  0.14893620   0.00000000   0.14893620   0.05484670 
  0.15425530   0.00000000   0.15425530   0.05680550 
  0.15957450   0.00000000   0.15957450   0.05876430 
  0.16489360   0.00000000   0.16489360   0.06072310 
  0.17021280   0.00000000   0.17021280   0.06268190 
  0.17553190   0.00000000   0.17553190   0.06464070 
  0.18085110   0.00000000   0.18085110   0.06659960 
  0.18617020   0.00000000   0.18617020   0.06855840 
  0.19148940   0.00000000   0.19148940   0.07051720 
  0.19680850   0.00000000   0.19680850   0.07247600 
  0.20212770   0.00000000   0.20212770   0.07443480 
  0.20744680   0.00000000   0.20744680   0.07639360 
  0.21276600   0.00000000   0.21276600   0.07835240 
  0.21808510   0.00000000   0.21808510   0.08031120 
  0.22340430   0.00000000   0.22340430   0.08227000 
  0.22872340   0.00000000   0.22872340   0.08422880 
  0.23404260   0.00000000   0.23404260   0.08618770 
  0.23936170   0.00000000   0.23936170   0.08814650 
  0.24468090   0.00000000   0.24468090   0.09010530 
  0.25000000   0.00000000   0.25000000   0.09206410 
  0.25531910   0.00000000   0.25531910   0.09402290 
  0.26063830   0.00000000   0.26063830   0.09598170 
  0.26595740   0.00000000   0.26595740   0.09794050 
  0.27127660   0.00000000   0.27127660   0.09989930 
  0.27659570   0.00000000   0.27659570   0.10185810 
  0.28191490   0.00000000   0.28191490   0.10381690 
  0.28723400   0.00000000   0.28723400   0.10577570 
  0.29255320   0.00000000   0.29255320   0.10773460 
  0.29787230   0.00000000   0.29787230   0.10969340 
  0.30319150   0.00000000   0.30319150   0.11165220 
  0.30851060   0.00000000   0.30851060   0.11361100 
  0.31382980   0.00000000   0.31382980   0.11556980 
  0.31914890   0.00000000   0.31914890   0.11752860 
  0.32446810   0.00000000   0.32446810   0.11948740 
  0.32978720   0.00000000   0.32978720   0.12144620 
  0.33510640   0.00000000   0.33510640   0.12340500 
  0.34042550   0.00000000   0.34042550   0.12536380 
  0.34574470   0.00000000   0.34574470   0.12732270 
  0.35106380   0.00000000   0.35106380   0.12928150 
  0.35638300   0.00000000   0.35638300   0.13124030 
  0.36170210   0.00000000   0.36170210   0.13319910 
  0.36702130   0.00000000   0.36702130   0.13515790 
  0.37234040   0.00000000   0.37234040   0.13711670 
  0.37765960   0.00000000   0.37765960   0.13907550 
  0.38297870   0.00000000   0.38297870   0.14103430 
  0.38829790   0.00000000   0.38829790   0.14299320 
  0.39361700   0.00000000   0.39361700   0.14495190 
  0.39893620   0.00000000   0.39893620   0.14691080 
  0.40425530   0.00000000   0.40425530   0.14886960 
  0.40957450   0.00000000   0.40957450   0.15082840 
  0.41489360   0.00000000   0.41489360   0.15278720 
  0.42021280   0.00000000   0.42021280   0.15474600 
  0.42553190   0.00000000   0.42553190   0.15670480 
  0.43085110   0.00000000   0.43085110   0.15866360 
  0.43617020   0.00000000   0.43617020   0.16062240 
  0.44148940   0.00000000   0.44148940   0.16258130 
  0.44680850   0.00000000   0.44680850   0.16454000 
  0.45212770   0.00000000   0.45212770   0.16649890 
  0.45744680   0.00000000   0.45744680   0.16845770 
  0.46276600   0.00000000   0.46276600   0.17041650 
  0.46808510   0.00000000   0.46808510   0.17237530 
  0.47340430   0.00000000   0.47340430   0.17433410 
  0.47872340   0.00000000   0.47872340   0.17629290 
  0.48404260   0.00000000   0.48404260   0.17825170 
  0.48936170   0.00000000   0.48936170   0.18021050 
  0.49468090   0.00000000   0.49468090   0.18216940 
  0.50000000   0.00000000   0.50000000   0.18412820 X
  0.50000000   0.00000000   0.50000000   0.18412820 X
  0.50378790   0.00757580   0.50378790   0.18610090 
  0.50757580   0.01515150   0.50757580   0.18807360 
  0.51136360   0.02272730   0.51136360   0.19004630 
  0.51515150   0.03030300   0.51515150   0.19201890 
  0.51893940   0.03787880   0.51893940   0.19399170 
  0.52272730   0.04545450   0.52272730   0.19596430 
  0.52651520   0.05303030   0.52651520   0.19793710 
  0.53030300   0.06060610   0.53030300   0.19990980 
  0.53409090   0.06818180   0.53409090   0.20188250 
  0.53787880   0.07575760   0.53787880   0.20385520 
  0.54166670   0.08333330   0.54166670   0.20582790 
  0.54545450   0.09090910   0.54545450   0.20780060 
  0.54924240   0.09848480   0.54924240   0.20977330 
  0.55303030   0.10606060   0.55303030   0.21174600 
  0.55681820   0.11363640   0.55681820   0.21371870 
  0.56060610   0.12121210   0.56060610   0.21569140 
  0.56439390   0.12878790   0.56439390   0.21766410 
  0.56818180   0.13636360   0.56818180   0.21963680 
  0.57196970   0.14393940   0.57196970   0.22160950 
  0.57575760   0.15151520   0.57575760   0.22358220 
  0.57954550   0.15909090   0.57954550   0.22555490 
  0.58333330   0.16666670   0.58333330   0.22752760 
  0.58712120   0.17424240   0.58712120   0.22950030 
  0.59090910   0.18181820   0.59090910   0.23147300 
  0.59469700   0.18939390   0.59469700   0.23344570 
  0.59848480   0.19696970   0.59848480   0.23541840 
  0.60227270   0.20454550   0.60227270   0.23739110 
  0.60606060   0.21212120   0.60606060   0.23936380 
  0.60984850   0.21969700   0.60984850   0.24133650 
  0.61363640   0.22727270   0.61363640   0.24330920 
  0.61742420   0.23484850   0.61742420   0.24528190 
  0.62121210   0.24242420   0.62121210   0.24725460 
  0.62500000   0.25000000   0.62500000   0.24922730 U
  0.37500000   0.37500000   0.75000000   0.24922730 K
  0.37125000   0.37125000   0.74250000   0.25118030 
  0.36750000   0.36750000   0.73500000   0.25313320 
  0.36375000   0.36375000   0.72750000   0.25508620 
  0.36000000   0.36000000   0.72000000   0.25703920 
  0.35625000   0.35625000   0.71250000   0.25899220 
  0.35250000   0.35250000   0.70500000   0.26094510 
  0.34875000   0.34875000   0.69750000   0.26289810 
  0.34500000   0.34500000   0.69000000   0.26485110 
  0.34125000   0.34125000   0.68250000   0.26680410 
  0.33750000   0.33750000   0.67500000   0.26875700 
  0.33375000   0.33375000   0.66750000   0.27071000 
  0.33000000   0.33000000   0.66000000   0.27266300 
  0.32625000   0.32625000   0.65250000   0.27461590 
  0.32250000   0.32250000   0.64500000   0.27656890 
  0.31875000   0.31875000   0.63750000   0.27852190 
  0.31500000   0.31500000   0.63000000   0.28047490 
  0.31125000   0.31125000   0.62250000   0.28242780 
  0.30750000   0.30750000   0.61500000   0.28438080 
  0.30375000   0.30375000   0.60750000   0.28633380 
  0.30000000   0.30000000   0.60000000   0.28828680 
  0.29625000   0.29625000   0.59250000   0.29023970 
  0.29250000   0.29250000   0.58500000   0.29219270 
  0.28875000   0.28875000   0.57750000   0.29414570 
  0.28500000   0.28500000   0.57000000   0.29609870 
  0.28125000   0.28125000   0.56250000   0.29805160 
  0.27750000   0.27750000   0.55500000   0.30000460 
  0.27375000   0.27375000   0.54750000   0.30195760 
  0.27000000   0.27000000   0.54000000   0.30391060 
  0.26625000   0.26625000   0.53250000   0.30586350 
  0.26250000   0.26250000   0.52500000   0.30781650 
  0.25875000   0.25875000   0.51750000   0.30976950 
  0.25500000   0.25500000   0.51000000   0.31172250 
  0.25125000   0.25125000   0.50250000   0.31367540 
  0.24750000   0.24750000   0.49500000   0.31562840 
  0.24375000   0.24375000   0.48750000   0.31758140 
  0.24000000   0.24000000   0.48000000   0.31953430 
  0.23625000   0.23625000   0.47250000   0.32148730 
  0.23250000   0.23250000   0.46500000   0.32344030 
  0.22875000   0.22875000   0.45750000   0.32539330 
  0.22500000   0.22500000   0.45000000   0.32734620 
  0.22125000   0.22125000   0.44250000   0.32929920 
  0.21750000   0.21750000   0.43500000   0.33125220 
  0.21375000   0.21375000   0.42750000   0.33320520 
  0.21000000   0.21000000   0.42000000   0.33515810 
  0.20625000   0.20625000   0.41250000   0.33711110 
  0.20250000   0.20250000   0.40500000   0.33906410 
  0.19875000   0.19875000   0.39750000   0.34101710 
  0.19500000   0.19500000   0.39000000   0.34297000 
  0.19125000   0.19125000   0.38250000   0.34492300 
  0.18750000   0.18750000   0.37500000   0.34687600 
  0.18375000   0.18375000   0.36750000   0.34882900 
  0.18000000   0.18000000   0.36000000   0.35078190 
  0.17625000   0.17625000   0.35250000   0.35273490 
  0.17250000   0.17250000   0.34500000   0.35468790 
  0.16875000   0.16875000   0.33750000   0.35664090 
  0.16500000   0.16500000   0.33000000   0.35859380 
  0.16125000   0.16125000   0.32250000   0.36054680 
  0.15750000   0.15750000   0.31500000   0.36249980 
  0.15375000   0.15375000   0.30750000   0.36445280 
  0.15000000   0.15000000   0.30000000   0.36640570 
  0.14625000   0.14625000   0.29250000   0.36835870 
  0.14250000   0.14250000   0.28500000   0.37031170 
  0.13875000   0.13875000   0.27750000   0.37226460 
  0.13500000   0.13500000   0.27000000   0.37421760 
  0.13125000   0.13125000   0.26250000   0.37617060 
  0.12750000   0.12750000   0.25500000   0.37812360 
  0.12375000   0.12375000   0.24750000   0.38007650 
  0.12000000   0.12000000   0.24000000   0.38202950 
  0.11625000   0.11625000   0.23250000   0.38398250 
  0.11250000   0.11250000   0.22500000   0.38593550 
  0.10875000   0.10875000   0.21750000   0.38788840 
  0.10500000   0.10500000   0.21000000   0.38984140 
  0.10125000   0.10125000   0.20250000   0.39179440 
  0.09750000   0.09750000   0.19500000   0.39374740 
  0.09375000   0.09375000   0.18750000   0.39570030 
  0.09000000   0.09000000   0.18000000   0.39765330 
  0.08625000   0.08625000   0.17250000   0.39960630 
  0.08250000   0.08250000   0.16500000   0.40155930 
  0.07875000   0.07875000   0.15750000   0.40351220 
  0.07500000   0.07500000   0.15000000   0.40546520 
  0.07125000   0.07125000   0.14250000   0.40741820 
  0.06750000   0.06750000   0.13500000   0.40937120 
  0.06375000   0.06375000   0.12750000   0.41132410 
  0.06000000   0.06000000   0.12000000   0.41327710 
  0.05625000   0.05625000   0.11250000   0.41523010 
  0.05250000   0.05250000   0.10500000   0.41718300 
  0.04875000   0.04875000   0.09750000   0.41913600 
  0.04500000   0.04500000   0.09000000   0.42108900 
  0.04125000   0.04125000   0.08250000   0.42304200 
  0.03750000   0.03750000   0.07500000   0.42499490 
  0.03375000   0.03375000   0.06750000   0.42694790 
  0.03000000   0.03000000   0.06000000   0.42890090 
  0.02625000   0.02625000   0.05250000   0.43085390 
  0.02250000   0.02250000   0.04500000   0.43280680 
  0.01875000   0.01875000   0.03750000   0.43475980 
  0.01500000   0.01500000   0.03000000   0.43671280 
  0.01125000   0.01125000   0.02250000   0.43866580 
  0.00750000   0.00750000   0.01500000   0.44061870 
  0.00375000   0.00375000   0.00750000   0.44257170 
  0.00000000   0.00000000   0.00000000   0.44452470 Γ
  0.00000000   0.00000000   0.00000000   0.44452470 Γ
  0.00617280   0.00617280   0.00617280   0.44649330 
  0.01234570   0.01234570   0.01234570   0.44846200 
  0.01851850   0.01851850   0.01851850   0.45043060 
  0.02469140   0.02469140   0.02469140   0.45239920 
  0.03086420   0.03086420   0.03086420   0.45436790 
  0.03703700   0.03703700   0.03703700   0.45633650 
  0.04320990   0.04320990   0.04320990   0.45830520 
  0.04938270   0.04938270   0.04938270   0.46027380 
  0.05555560   0.05555560   0.05555560   0.46224240 
  0.06172840   0.06172840   0.06172840   0.46421110 
  0.06790120   0.06790120   0.06790120   0.46617970 
  0.07407410   0.07407410   0.07407410   0.46814830 
  0.08024690   0.08024690   0.08024690   0.47011700 
  0.08641980   0.08641980   0.08641980   0.47208560 
  0.09259260   0.09259260   0.09259260   0.47405430 
  0.09876540   0.09876540   0.09876540   0.47602290 
  0.10493830   0.10493830   0.10493830   0.47799150 
  0.11111110   0.11111110   0.11111110   0.47996020 
  0.11728400   0.11728400   0.11728400   0.48192880 
  0.12345680   0.12345680   0.12345680   0.48389740 
  0.12962960   0.12962960   0.12962960   0.48586610 
  0.13580250   0.13580250   0.13580250   0.48783470 
  0.14197530   0.14197530   0.14197530   0.48980340 
  0.14814810   0.14814810   0.14814810   0.49177200 
  0.15432100   0.15432100   0.15432100   0.49374060 
  0.16049380   0.16049380   0.16049380   0.49570930 
  0.16666670   0.16666670   0.16666670   0.49767790 
  0.17283950   0.17283950   0.17283950   0.49964650 
  0.17901230   0.17901230   0.17901230   0.50161520 
  0.18518520   0.18518520   0.18518520   0.50358380 
  0.19135800   0.19135800   0.19135800   0.50555240 
  0.19753090   0.19753090   0.19753090   0.50752110 
  0.20370370   0.20370370   0.20370370   0.50948970 
  0.20987650   0.20987650   0.20987650   0.51145840 
  0.21604940   0.21604940   0.21604940   0.51342700 
  0.22222220   0.22222220   0.22222220   0.51539560 
  0.22839510   0.22839510   0.22839510   0.51736430 
  0.23456790   0.23456790   0.23456790   0.51933290 
  0.24074070   0.24074070   0.24074070   0.52130150 
  0.24691360   0.24691360   0.24691360   0.52327020 
  0.25308640   0.25308640   0.25308640   0.52523880 
  0.25925930   0.25925930   0.25925930   0.52720750 
  0.26543210   0.26543210   0.26543210   0.52917610 
  0.27160490   0.27160490   0.27160490   0.53114470 
  0.27777780   0.27777780   0.27777780   0.53311340 
  0.28395060   0.28395060   0.28395060   0.53508200 
  0.29012350   0.29012350   0.29012350   0.53705070 
  0.29629630   0.29629630   0.29629630   0.53901930 
  0.30246910   0.30246910   0.30246910   0.54098790 
  0.30864200   0.30864200   0.30864200   0.54295660 
  0.31481480   0.31481480   0.31481480   0.54492520 
  0.32098770   0.32098770   0.32098770   0.54689390 
  0.32716050   0.32716050   0.32716050   0.54886250 
  0.33333330   0.33333330   0.33333330   0.55083110 
  0.33950620   0.33950620   0.33950620   0.55279980 
  0.34567900   0.34567900   0.34567900   0.55476840 
  0.35185190   0.35185190   0.35185190   0.55673710 
  0.35802470   0.35802470   0.35802470   0.55870570 
  0.36419750   0.36419750   0.36419750   0.56067430 
  0.37037040   0.37037040   0.37037040   0.56264300 
  0.37654320   0.37654320   0.37654320   0.56461160 
  0.38271600   0.38271600   0.38271600   0.56658020 
  0.38888890   0.38888890   0.38888890   0.56854890 
  0.39506170   0.39506170   0.39506170   0.57051750 
  0.40123460   0.40123460   0.40123460   0.57248610 
  0.40740740   0.40740740   0.40740740   0.57445480 
  0.41358020   0.41358020   0.41358020   0.57642340 
  0.41975310   0.41975310   0.41975310   0.57839210 
  0.42592590   0.42592590   0.42592590   0.58036070 
  0.43209880   0.43209880   0.43209880   0.58232930 
  0.43827160   0.43827160   0.43827160   0.58429800 
  0.44444440   0.44444440   0.44444440   0.58626660 
  0.45061730   0.45061730   0.45061730   0.58823520 
  0.45679010   0.45679010   0.45679010   0.59020390 
  0.46296300   0.46296300   0.46296300   0.59217250 
  0.46913580   0.46913580   0.46913580   0.59414120 
  0.47530860   0.47530860   0.47530860   0.59610980 
  0.48148150   0.48148150   0.48148150   0.59807840 
  0.48765430   0.48765430   0.48765430   0.60004710 
  0.49382720   0.49382720   0.49382720   0.60201570 
  0.50000000   0.50000000   0.50000000   0.60398430 L
  0.50000000   0.50000000   0.50000000   0.60398430 L
  0.50000000   0.49621210   0.50378790   0.60595710 
  0.50000000   0.49242420   0.50757580   0.60792980 
  0.50000000   0.48863640   0.51136360   0.60990240 
  0.50000000   0.48484850   0.51515150   0.61187510 
  0.50000000   0.48106060   0.51893940   0.61384790 
  0.50000000   0.47727270   0.52272730   0.61582060 
  0.50000000   0.47348480   0.52651520   0.61779330 
  0.50000000   0.46969700   0.53030300   0.61976590 
  0.50000000   0.46590910   0.53409090   0.62173860 
  0.50000000   0.46212120   0.53787880   0.62371140 
  0.50000000   0.45833330   0.54166670   0.62568410 
  0.50000000   0.45454550   0.54545450   0.62765670 
  0.50000000   0.45075760   0.54924240   0.62962940 
  0.50000000   0.44696970   0.55303030   0.63160220 
  0.50000000   0.44318180   0.55681820   0.63357490 
  0.50000000   0.43939390   0.56060610   0.63554760 
  0.50000000   0.43560610   0.56439390   0.63752020 
  0.50000000   0.43181820   0.56818180   0.63949300 
  0.50000000   0.42803030   0.57196970   0.64146570 
  0.50000000   0.42424240   0.57575760   0.64343840 
  0.50000000   0.42045450   0.57954550   0.64541110 
  0.50000000   0.41666670   0.58333330   0.64738370 
  0.50000000   0.41287880   0.58712120   0.64935650 
  0.50000000   0.40909090   0.59090910   0.65132920 
  0.50000000   0.40530300   0.59469700   0.65330190 
  0.50000000   0.40151520   0.59848480   0.65527450 
  0.50000000   0.39772730   0.60227270   0.65724730 
  0.50000000   0.39393940   0.60606060   0.65922000 
  0.50000000   0.39015150   0.60984850   0.66119270 
  0.50000000   0.38636360   0.61363640   0.66316540 
  0.50000000   0.38257580   0.61742420   0.66513810 
  0.50000000   0.37878790   0.62121210   0.66711080 
  0.50000000   0.37500000   0.62500000   0.66908350 
  0.50000000   0.37121210   0.62878790   0.67105620 
  0.50000000   0.36742420   0.63257580   0.67302890 
  0.50000000   0.36363640   0.63636360   0.67500160 
  0.50000000   0.35984850   0.64015150   0.67697430 
  0.50000000   0.35606060   0.64393940   0.67894700 
  0.50000000   0.35227270   0.64772730   0.68091970 
  0.50000000   0.34848480   0.65151520   0.68289240 
  0.50000000   0.34469700   0.65530300   0.68486510 
  0.50000000   0.34090910   0.65909090   0.68683780 
  0.50000000   0.33712120   0.66287880   0.68881050 
  0.50000000   0.33333330   0.66666670   0.69078320 
  0.50000000   0.32954550   0.67045450   0.69275590 
  0.50000000   0.32575760   0.67424240   0.69472860 
  0.50000000   0.32196970   0.67803030   0.69670130 
  0.50000000   0.31818180   0.68181820   0.69867400 
  0.50000000   0.31439390   0.68560610   0.70064670 
  0.50000000   0.31060610   0.68939390   0.70261940 
  0.50000000   0.30681820   0.69318180   0.70459210 
  0.50000000   0.30303030   0.69696970   0.70656480 
  0.50000000   0.29924240   0.70075760   0.70853750 
  0.50000000   0.29545450   0.70454550   0.71051020 
  0.50000000   0.29166670   0.70833330   0.71248290 
  0.50000000   0.28787880   0.71212120   0.71445560 
  0.50000000   0.28409090   0.71590910   0.71642830 
  0.50000000   0.28030300   0.71969700   0.71840100 
  0.50000000   0.27651520   0.72348480   0.72037370 
  0.50000000   0.27272730   0.72727270   0.72234640 
  0.50000000   0.26893940   0.73106060   0.72431910 
  0.50000000   0.26515150   0.73484850   0.72629180 
  0.50000000   0.26136360   0.73863640   0.72826450 
  0.50000000   0.25757580   0.74242420   0.73023720 
  0.50000000   0.25378790   0.74621210   0.73220990 
  0.50000000   0.25000000   0.75000000   0.73418260 W
  0.50000000   0.25000000   0.75000000   0.73418260 W
  0.50000000   0.24468090   0.74468090   0.73614140 
  0.50000000   0.23936170   0.73936170   0.73810020 
  0.50000000   0.23404260   0.73404260   0.74005900 
  0.50000000   0.22872340   0.72872340   0.74201790 
  0.50000000   0.22340430   0.72340430   0.74397660 
  0.50000000   0.21808510   0.71808510   0.74593550 
  0.50000000   0.21276600   0.71276600   0.74789430 
  0.50000000   0.20744680   0.70744680   0.74985310 
  0.50000000   0.20212770   0.70212770   0.75181190 
  0.50000000   0.19680850   0.69680850   0.75377070 
  0.50000000   0.19148940   0.69148940   0.75572950 
  0.50000000   0.18617020   0.68617020   0.75768830 
  0.50000000   0.18085110   0.68085110   0.75964710 
  0.50000000   0.17553190   0.67553190   0.76160600 
  0.50000000   0.17021280   0.67021280   0.76356470 
  0.50000000   0.16489360   0.66489360   0.76552360 
  0.50000000   0.15957450   0.65957450   0.76748240 
  0.50000000   0.15425530   0.65425530   0.76944120 
  0.50000000   0.14893620   0.64893620   0.77140000 
  0.50000000   0.14361700   0.64361700   0.77335880 
  0.50000000   0.13829790   0.63829790   0.77531760 
  0.50000000   0.13297870   0.63297870   0.77727640 
  0.50000000   0.12765960   0.62765960   0.77923520 
  0.50000000   0.12234040   0.62234040   0.78119410 
  0.50000000   0.11702130   0.61702130   0.78315290 
  0.50000000   0.11170210   0.61170210   0.78511170 
  0.50000000   0.10638300   0.60638300   0.78707050 
  0.50000000   0.10106380   0.60106380   0.78902930 
  0.50000000   0.09574470   0.59574470   0.79098810 
  0.50000000   0.09042550   0.59042550   0.79294690 
  0.50000000   0.08510640   0.58510640   0.79490570 
  0.50000000   0.07978720   0.57978720   0.79686450 
  0.50000000   0.07446810   0.57446810   0.79882330 
  0.50000000   0.06914890   0.56914890   0.80078220 
  0.50000000   0.06382980   0.56382980   0.80274100 
  0.50000000   0.05851060   0.55851060   0.80469980 
  0.50000000   0.05319150   0.55319150   0.80665860 
  0.50000000   0.04787230   0.54787230   0.80861740 
  0.50000000   0.04255320   0.54255320   0.81057620 
  0.50000000   0.03723400   0.53723400   0.81253500 
  0.50000000   0.03191490   0.53191490   0.81449380 
  0.50000000   0.02659570   0.52659570   0.81645270 
  0.50000000   0.02127660   0.52127660   0.81841140 
  0.50000000   0.01595740   0.51595740   0.82037030 
  0.50000000   0.01063830   0.51063830   0.82232910 
  0.50000000   0.00531910   0.50531910   0.82428790 
  0.50000000   0.00000000   0.50000000   0.82624670 X
